












[
  1.1914040000000001,
  1.1914113333333336,
  1.1914133333333334,
  1.1914173333333333,
  1.1914233333333333,
  1.191432,
  1.1914393333333337,
  1.1914473333333335,
  1.1914553333333335,
  1.1914613333333335,
  1.1914713333333335,
  1.1914893333333336,
  1.1914993333333337,
  1.1915113333333338,
  1.1915166666666672,
  1.1915173333333338,
  1.1915180000000005,
  1.1915260000000005,
  1.191532000000001,
  1.1915380000000009,
  1.1915400000000007,
  1.1915433333333343,
  1.1915446666666676,
  1.1915486666666675,
  1.1915500000000008,
  1.1915533333333344,
  1.191552000000001,
  1.191554000000001,
  1.1915533333333344,
  1.191552000000001,
  1.1915526666666676,
  1.1915526666666676,
  1.1915473333333344,
  1.191542000000001,
  1.191538000000001,
  1.1915353333333345,
  1.191534666666668,
  1.1915353333333345,
  1.1915360000000013,
  1.1915380000000013,
  1.191534666666668,
  1.191534666666668,
  1.191534666666668,
  1.1915400000000012,
  1.1915433333333345,
  1.1915466666666679,
  1.1915493333333345,
  1.1915513333333343,
  1.191556000000001,
  1.1915580000000008,
  1.1915620000000007,
  1.191563333333334,
  1.1915646666666673,
  1.1915666666666673,
  1.1915660000000008,
  1.1915686666666674,
  1.1915746666666673,
  1.1915773333333342,
  1.191579333333334,
  1.1915826666666676,
  1.1915846666666674,
  1.1915873333333342,
  1.1915933333333342,
  1.1915966666666677,
  1.1915986666666678,
  1.1915986666666678,
  1.1915993333333346,
  1.1915993333333346,
  1.1915986666666678,
  1.1915960000000012,
  1.1915913333333346,
  1.1915840000000013,
  1.1915780000000011,
  1.1915713333333346,
  1.191564666666668,
  1.1915580000000012,
  1.1915513333333345,
  1.1915433333333347,
  1.1915380000000013,
  1.1915380000000013,
  1.1915393333333348,
  1.1915420000000017,
  1.1915440000000017,
  1.1915440000000017,
  1.1915493333333351,
  1.1915540000000016,
]