



























[
  1.191460666666667,
  1.191464666666667,
  1.1914696666666669,
  1.1914746666666671,
  1.191480666666667,
  1.1914860000000005,
  1.191491333333334,
  1.1914960000000006,
  1.1915020000000005,
  1.1915056666666672,
  1.191512333333334,
  1.1915206666666671,
  1.1915266666666673,
  1.191532333333334,
  1.191534333333334,
  1.191535000000001,
  1.1915353333333343,
  1.1915366666666676,
  1.1915370000000007,
  1.1915380000000007,
  1.1915376666666675,
  1.1915390000000008,
  1.1915400000000007,
  1.1915423333333341,
  1.1915440000000008,
  1.1915440000000008,
  1.1915433333333343,
  1.191544333333334,
  1.1915466666666674,
  1.1915476666666673,
  1.1915496666666672,
  1.1915510000000005,
  1.191549333333334,
  1.1915490000000006,
  1.1915480000000005,
  1.191548666666667,
  1.1915490000000004,
  1.19155,
  1.1915513333333334,
  1.1915520000000002,
  1.1915516666666668,
  1.1915546666666665,
  1.1915559999999998,
  1.1915596666666666,
  1.191563,
  1.1915656666666665,
  1.1915683333333331,
  1.1915723333333332,
  1.1915763333333333,
  1.1915783333333334,
  1.1915803333333335,
  1.1915813333333334,
  1.1915820000000001,
  1.1915826666666667,
  1.191581,
  1.1915799999999999,
  1.191579333333333,
  1.1915776666666664,
  1.191575333333333,
  1.1915736666666663,
  1.1915713333333329,
  1.1915693333333328,
  1.1915683333333327,
  1.1915673333333328,
  1.191568333333333,
  1.1915689999999997,
  1.1915706666666663,
  1.1915716666666663,
  1.191571333333333,
  1.1915726666666664,
  1.1915726666666664,
]